AC  M0082_1.02.txt_1
XX
ID  Tfap2a
XX
DE  ygccysargs
P0       A     C     G     T
1    0.220377 0.335405 0.102037 0.342181
2    0.111784 0.19375 0.669524 0.0249423
3    0.00955289 0.989147 0.000370406 0.000929455
4    0.000437167 0.891193 0.000323861 0.108046
5    0.0462226 0.377462 0.191229 0.385087
6    0.132612 0.336106 0.329451 0.20183
7    0.430307 0.248265 0.229178 0.0922497
8    0.301624 0.0247588 0.651437 0.0221798
9    0.0551008 0.00043135 0.943092 0.00137598
10   0.095237 0.349453 0.435445 0.119865
XX
CC  program: cis-bp
CC  matrix.nb: 1
CC  accession: M0082_1.02.txt_1
CC  AC: M0082_1.02.txt_1
CC  id: M0082_1.02.txt_1
CC  name: M0082_1.02.txt_1
CC  version: 
CC  matrix.nb: 1
CC  consensus.strict: tgcctcaggg
CC  consensus.strict.rc: CCCTGAGGCA
CC  consensus.IUPAC: ygccysargs
CC  consensus.IUPAC.rc: SCYTSRGGCR
CC  consensus.regexp: [ct]gcc[ct][cg]a[ag]g[cg]
CC  consensus.regexp.rc: [CG]C[CT]T[CG][AG]GGC[AG]
XX
//
AC  M6100_1.02.txt_1
XX
ID  Tfap2a
XX
DE  tgccybrgggcr
P0       A     C     G     T
1    0.17564 0.21764 0.0847652 0.521955
2    0.0345997 0.0753053 0.88806 0.00203528
3        0 0.849724 0.150276     0
4    0.00628698 0.968195 0.0188609 0.0066568
5    0.00420008 0.483009 0.0927835 0.420008
6    0.0408709 0.299847 0.351031 0.308251
7    0.331042 0.185185 0.448645 0.0351279
8    0.230034 0.0512037 0.716469 0.0022927
9    0.00825826     0 0.982733 0.00900901
10       0 0.0552962 0.940036 0.00466786
11   0.00142288 0.74502 0.18099 0.0725669
12   0.561879 0.0320856 0.263942 0.142093
XX
CC  program: cis-bp
CC  matrix.nb: 1
CC  accession: M6100_1.02.txt_1
CC  AC: M6100_1.02.txt_1
CC  id: M6100_1.02.txt_1
CC  name: M6100_1.02.txt_1
CC  version: 
CC  matrix.nb: 1
CC  consensus.strict: tgcccgggggca
CC  consensus.strict.rc: TGCCCCCGGGCA
CC  consensus.IUPAC: tgccybrgggcr
CC  consensus.IUPAC.rc: YGCCCYVRGGCA
CC  consensus.regexp: tgcc[ct][cgt][ag]gggc[ag]
CC  consensus.regexp.rc: [CT]GCCC[CT][ACG][AG]GGCA
XX
//
AC  M6101_1.02.txt_1
XX
ID  Tfap2a
XX
DE  mgccysaggcd
P0       A     C     G     T
1    0.354654 0.375154 0.0701107 0.200082
2        0 0.139469 0.840836 0.0196945
3        0 0.965176 0.0348239     0
4        0 0.933053 0.0302219 0.0367253
5        0 0.313934 0.117623 0.568443
6    0.0590406 0.520295 0.372694 0.0479705
7    0.702747 0.150882 0.139401 0.00697007
8    0.0372482 0.0357279 0.927024     0
9        0 0.0630042 0.936996     0
10       0 0.942599 0.0574006     0
11   0.337295 0.0741803 0.252459 0.336066
XX
CC  program: cis-bp
CC  matrix.nb: 1
CC  accession: M6101_1.02.txt_1
CC  AC: M6101_1.02.txt_1
CC  id: M6101_1.02.txt_1
CC  name: M6101_1.02.txt_1
CC  version: 
CC  matrix.nb: 1
CC  consensus.strict: cgcctcaggca
CC  consensus.strict.rc: TGCCTGAGGCG
CC  consensus.IUPAC: mgccysaggcd
CC  consensus.IUPAC.rc: HGCCTSRGGCK
CC  consensus.regexp: [ac]gcc[ct][cg]aggc[agt]
CC  consensus.regexp.rc: [ACT]GCCT[CG][AG]GGC[GT]
XX
//
AC  M6102_1.02.txt_1
XX
ID  Tfap2a
XX
DE  tgcccysrgggca
P0       A     C     G     T
1    0.233647 0.0939435 0.103096 0.569314
2        0 0.216826 0.783174     0
3        0     1     0     0
4        0     1     0     0
5    0.0573376 0.702085 0.107057 0.13352
6    0.0561798 0.343633 0.146692 0.453496
7    0.102679 0.28244 0.385417 0.229464
8    0.387632 0.152877 0.383624 0.075866
9    0.166007 0.0440047 0.728056 0.0619325
10       0     0     1     0
11       0     0     1     0
12       0 0.783442 0.216558     0
13   0.526223 0.0890712 0.185174 0.199531
XX
CC  program: cis-bp
CC  matrix.nb: 1
CC  accession: M6102_1.02.txt_1
CC  AC: M6102_1.02.txt_1
CC  id: M6102_1.02.txt_1
CC  name: M6102_1.02.txt_1
CC  version: 
CC  matrix.nb: 1
CC  consensus.strict: tgccctgagggca
CC  consensus.strict.rc: TGCCCTCAGGGCA
CC  consensus.IUPAC: tgcccysrgggca
CC  consensus.IUPAC.rc: TGCCCYSRGGGCA
CC  consensus.regexp: tgccc[ct][cg][ag]gggca
CC  consensus.regexp.rc: TGCCC[CT][CG][AG]GGGCA
XX
//
AC  M0083_1.02.txt_1
XX
ID  Tfap2b
XX
DE  tcsccysagg
P0       A     C     G     T
1    0.163199 0.129667 0.108307 0.598826
2    0.203446 0.349115 0.246017 0.201422
3    0.00130116 0.331377 0.667311     0
4    4.49451e-05 0.99993 1.07558e-05     0
5    0.0002132 0.948115 2.2697e-05 0.0516492
6    0.0200372 0.286458 0.155647 0.537857
7    0.106547 0.394882 0.390953 0.107618
8    0.565281 0.177208 0.234469 0.0230421
9    0.100634 9.26882e-05 0.899183     0
10   0.000119741 3.75373e-05 0.999823     0
XX
CC  program: cis-bp
CC  matrix.nb: 1
CC  accession: M0083_1.02.txt_1
CC  AC: M0083_1.02.txt_1
CC  id: M0083_1.02.txt_1
CC  name: M0083_1.02.txt_1
CC  version: 
CC  matrix.nb: 1
CC  consensus.strict: tcgcctcagg
CC  consensus.strict.rc: CCTGAGGCGA
CC  consensus.IUPAC: tcsccysagg
CC  consensus.IUPAC.rc: CCTSRGGSGA
CC  consensus.regexp: tc[cg]cc[ct][cg]agg
CC  consensus.regexp.rc: CCT[CG][AG]GG[CG]GA
XX
//
AC  M0084_1.02.txt_1
XX
ID  Tfap2c
XX
DE  ysccysaggs
P0       A     C     G     T
1    0.194725 0.400049 0.150143 0.255083
2    0.0896002 0.325498 0.52603 0.0588715
3    8.60885e-05 0.989917 0.000243563 0.00975345
4    0.00124809 0.813717 0.0123248 0.17271
5    0.0706894 0.449572 0.225494 0.254244
6    0.114154 0.272476 0.444767 0.168603
7    0.586691 0.182089 0.161499 0.0697208
8    0.199175 0.00192357 0.791701 0.00720074
9    0.0193589 0.000265312 0.975696 0.00467931
10   0.0617475 0.509308 0.305837 0.123107
XX
CC  program: cis-bp
CC  matrix.nb: 1
CC  accession: M0084_1.02.txt_1
CC  AC: M0084_1.02.txt_1
CC  id: M0084_1.02.txt_1
CC  name: M0084_1.02.txt_1
CC  version: 
CC  matrix.nb: 1
CC  consensus.strict: cgcccgaggc
CC  consensus.strict.rc: GCCTCGGGCG
CC  consensus.IUPAC: ysccysaggs
CC  consensus.IUPAC.rc: SCCTSRGGSR
CC  consensus.regexp: [ct][cg]cc[ct][cg]agg[cg]
CC  consensus.regexp.rc: [CG]CCT[CG][AG]GG[CG][AG]
XX
//
AC  M0085_1.02.txt_1
XX
ID  Tfap2e
XX
DE  tygccysmgg
P0       A     C     G     T
1    0.213214 0.176319 0.135951 0.474516
2    0.222124 0.321576 0.134725 0.321576
3    0.00478363 0.213834 0.753855 0.0275279
4    0.000430839 0.961004 0.000168298 0.038397
5    0.000296265 0.937765 0.000164228 0.061775
6    0.00127416 0.327763 0.13595 0.535013
7    0.122837 0.31446 0.391841 0.170862
8    0.45499 0.254748 0.230506 0.0597563
9    0.118505 0.0011331 0.841307 0.0390545
10   0.0028714 0.00165665 0.957955 0.0375172
XX
CC  program: cis-bp
CC  matrix.nb: 1
CC  accession: M0085_1.02.txt_1
CC  AC: M0085_1.02.txt_1
CC  id: M0085_1.02.txt_1
CC  name: M0085_1.02.txt_1
CC  version: 
CC  matrix.nb: 1
CC  consensus.strict: tcgcctgagg
CC  consensus.strict.rc: CCTCAGGCGA
CC  consensus.IUPAC: tygccysmgg
CC  consensus.IUPAC.rc: CCKSRGGCRA
CC  consensus.regexp: t[ct]gcc[ct][cg][ac]gg
CC  consensus.regexp.rc: CC[GT][CG][AG]GGC[AG]A
XX
//
AC  M0104_1.02.txt_1
XX
ID  Arid3b
XX
DE  awattaatwaa
P0       A     C     G     T
1    0.467943 0.177352 0.177352 0.177352
2    0.273411 0.0800673 0.0800673 0.566454
3    0.609177 0.119174 0.0337487 0.237901
4    0.104443 0.000140595 0.000140595 0.895276
5    0.000140595 0.000140595 0.000140595 0.999578
6    0.999578 0.000140595 0.000140595 0.000140595
7    0.910941 0.000140595 0.000140595 0.0887778
8    0.0887778 0.000140595 0.000140595 0.910941
9    0.261793 0.167866 0.0727882 0.497552
10   0.48978 0.170073 0.170073 0.170073
11   0.350824 0.216392 0.216392 0.216392
XX
CC  program: cis-bp
CC  matrix.nb: 1
CC  accession: M0104_1.02.txt_1
CC  AC: M0104_1.02.txt_1
CC  id: M0104_1.02.txt_1
CC  name: M0104_1.02.txt_1
CC  version: 
CC  matrix.nb: 1
CC  consensus.strict: atattaattaa
CC  consensus.strict.rc: TTAATTAATAT
CC  consensus.IUPAC: awattaatwaa
CC  consensus.IUPAC.rc: TTWATTAATWT
CC  consensus.regexp: a[at]attaat[at]aa
CC  consensus.regexp.rc: TT[AT]ATTAAT[AT]T
XX
//
AC  M0105_1.02.txt_1
XX
ID  Arid3a
XX
DE  wtttratwr
P0       A     C     G     T
1    0.26518 0.18501 0.202433 0.347377
2    0.185396 0.187259 0.108039 0.519306
3    0.151265 0.141039 0.100387 0.607308
4    0.0959196 0.138866 0.0564588 0.708755
5    0.354424 0.113351 0.333784 0.198441
6    0.739186 0.0942122 0.0571426 0.109459
7    0.0232792 0.0244727 0.0200366 0.932211
8    0.285933 0.246105 0.089636 0.378326
9    0.254088 0.232219 0.267115 0.246578
XX
CC  program: cis-bp
CC  matrix.nb: 1
CC  accession: M0105_1.02.txt_1
CC  AC: M0105_1.02.txt_1
CC  id: M0105_1.02.txt_1
CC  name: M0105_1.02.txt_1
CC  version: 
CC  matrix.nb: 1
CC  consensus.strict: ttttaattg
CC  consensus.strict.rc: CAATTAAAA
CC  consensus.IUPAC: wtttratwr
CC  consensus.IUPAC.rc: YWATYAAAW
CC  consensus.regexp: [at]ttt[ag]at[at][ag]
CC  consensus.regexp.rc: [CT][AT]AT[CT]AAA[AT]
XX
//
AC  M0106_1.02.txt_1
XX
ID  Arid3a
XX
DE  wtttratww
P0       A     C     G     T
1    0.287207 0.13703 0.210651 0.365112
2    0.219872 0.145918 0.0769416 0.557268
3    0.118816 0.0765217 0.0713484 0.733314
4    0.0706817 0.0821204 0.0602309 0.786967
5    0.408983 0.0393964 0.306027 0.245593
6    0.964659 0.0123268 0.0132206 0.00979404
7    0.00082565 0.0174339 0.000894416 0.980846
8    0.322598 0.238987 0.0924259 0.345989
9    0.300945 0.229735 0.199722 0.269597
XX
CC  program: cis-bp
CC  matrix.nb: 1
CC  accession: M0106_1.02.txt_1
CC  AC: M0106_1.02.txt_1
CC  id: M0106_1.02.txt_1
CC  name: M0106_1.02.txt_1
CC  version: 
CC  matrix.nb: 1
CC  consensus.strict: ttttaatta
CC  consensus.strict.rc: TAATTAAAA
CC  consensus.IUPAC: wtttratww
CC  consensus.IUPAC.rc: WWATYAAAW
CC  consensus.regexp: [at]ttt[ag]at[at][at]
CC  consensus.regexp.rc: [AT][AT]AT[CT]AAA[AT]
XX
//
AC  M1967_1.02.txt_1
XX
ID  Arid3a
XX
DE  tttrat
P0       A     C     G     T
1    0.222222 0.037037     0 0.740741
2        0     0     0     1
3        0     0     0     1
4    0.62963     0 0.333333 0.037037
5        1     0     0     0
6        0     0     0     1
XX
CC  program: cis-bp
CC  matrix.nb: 1
CC  accession: M1967_1.02.txt_1
CC  AC: M1967_1.02.txt_1
CC  id: M1967_1.02.txt_1
CC  name: M1967_1.02.txt_1
CC  version: 
CC  matrix.nb: 1
CC  consensus.strict: tttaat
CC  consensus.strict.rc: ATTAAA
CC  consensus.IUPAC: tttrat
CC  consensus.IUPAC.rc: ATYAAA
CC  consensus.regexp: ttt[ag]at
CC  consensus.regexp.rc: AT[CT]AAA
XX
//
AC  M0107_1.02.txt_1
XX
ID  Arid5b
XX
DE  ygrwattr
P0       A     C     G     T
1    0.211233 0.302766 0.18923 0.296771
2    0.227631 0.24659 0.31981 0.205969
3    0.415268 0.0855349 0.31073 0.188467
4    0.253025 0.128187 0.0777493 0.541038
5    0.862146 0.0166004 0.0621422 0.0591115
6    0.0954178 0.00164586 0.0672398 0.835696
7    0.204269 0.230313 0.0679954 0.497422
8    0.279564 0.198985 0.305892 0.215558
XX
CC  program: cis-bp
CC  matrix.nb: 1
CC  accession: M0107_1.02.txt_1
CC  AC: M0107_1.02.txt_1
CC  id: M0107_1.02.txt_1
CC  name: M0107_1.02.txt_1
CC  version: 
CC  matrix.nb: 1
CC  consensus.strict: cgatattg
CC  consensus.strict.rc: CAATATCG
CC  consensus.IUPAC: ygrwattr
CC  consensus.IUPAC.rc: YAATWYCR
CC  consensus.regexp: [ct]g[ag][at]att[ag]
CC  consensus.regexp.rc: [CT]AAT[AT][CT]C[AG]
XX
//
AC  M0108_1.02.txt_1
XX
ID  Arid5a
XX
DE  grwaatattkw
P0       A     C     G     T
1    0.226414 0.226414 0.320759 0.226414
2    0.368385 0.176936 0.277743 0.176936
3    0.257042 0.149621 0.0510925 0.542245
4    0.902432 0.000154848 0.0972586 0.000154848
5    0.999535 0.000154848 0.000154848 0.000154848
6    0.000154848 0.000154848 0.000154848 0.999535
7    0.999535 0.000154848 0.000154848 0.000154848
8    0.000154848 0.000154848 0.000154848 0.999535
9    0.0237413 0.0237413 0.0237413 0.928776
10   0.177718 0.0732192 0.466267 0.282795
11   0.301956 0.199062 0.199062 0.29992
XX
CC  program: cis-bp
CC  matrix.nb: 1
CC  accession: M0108_1.02.txt_1
CC  AC: M0108_1.02.txt_1
CC  id: M0108_1.02.txt_1
CC  name: M0108_1.02.txt_1
CC  version: 
CC  matrix.nb: 1
CC  consensus.strict: gataatattga
CC  consensus.strict.rc: TCAATATTATC
CC  consensus.IUPAC: grwaatattkw
CC  consensus.IUPAC.rc: WMAATATTWYC
CC  consensus.regexp: g[ag][at]aatatt[gt][at]
CC  consensus.regexp.rc: [AT][AC]AATATT[AT][CT]C
XX
//
AC  M0130_1.02.txt_1
XX
ID  Setbp1
XX
DE  yrhwwwwdyr
P0       A     C     G     T
1    0.215163 0.323274 0.194792 0.266771
2    0.289484 0.100082 0.393882 0.216552
3    0.286614 0.288427 0.170297 0.254662
4    0.404746 0.159463 0.16726 0.268531
5    0.42052 0.151365 0.157426 0.270689
6    0.270689 0.157426 0.151365 0.42052
7    0.268531 0.16726 0.159463 0.404746
8    0.254662 0.170297 0.288427 0.286614
9    0.216552 0.393882 0.100082 0.289484
10   0.266771 0.194792 0.323274 0.215163
XX
CC  program: cis-bp
CC  matrix.nb: 1
CC  accession: M0130_1.02.txt_1
CC  AC: M0130_1.02.txt_1
CC  id: M0130_1.02.txt_1
CC  name: M0130_1.02.txt_1
CC  version: 
CC  matrix.nb: 1
CC  consensus.strict: cgcaattgcg
CC  consensus.strict.rc: CGCAATTGCG
CC  consensus.IUPAC: yrhwwwwdyr
CC  consensus.IUPAC.rc: YRHWWWWDYR
CC  consensus.regexp: [ct][ag][act][at][at][at][at][agt][ct][ag]
CC  consensus.regexp.rc: [CT][AG][ACT][AT][AT][AT][AT][AGT][CT][AG]
XX
//
AC  M0131_1.02.txt_1
XX
ID  Ahctf1
XX
DE  aaawaaat
P0       A     C     G     T
1     0.75 0.0833333 0.0833333 0.0833333
2      0.8 0.0666667 0.0666667 0.0666667
3    0.733333 0.0666667 0.0666667 0.133333
4    0.266667 0.0666667 0.0666667   0.6
5    0.733333 0.0666667 0.0666667 0.133333
6    0.666667 0.0666667 0.0666667   0.2
7    0.692308 0.0769231 0.0769231 0.153846
8    0.166667 0.0833333 0.0833333 0.666667
XX
CC  program: cis-bp
CC  matrix.nb: 1
CC  accession: M0131_1.02.txt_1
CC  AC: M0131_1.02.txt_1
CC  id: M0131_1.02.txt_1
CC  name: M0131_1.02.txt_1
CC  version: 
CC  matrix.nb: 1
CC  consensus.strict: aaataaat
CC  consensus.strict.rc: ATTTATTT
CC  consensus.IUPAC: aaawaaat
CC  consensus.IUPAC.rc: ATTTWTTT
CC  consensus.regexp: aaa[at]aaat
CC  consensus.regexp.rc: ATTT[AT]TTT
XX
//
AC  M0132_1.02.txt_1
XX
ID  Hmga2
XX
DE  smgsrwwwww
P0       A     C     G     T
1    0.237374 0.264976 0.264976 0.232674
2    0.254916 0.278923 0.22609 0.240071
3    0.23484 0.237201 0.304572 0.223387
4    0.201961 0.286597 0.267221 0.244221
5    0.601325 0.000225178 0.320261 0.0781895
6    0.466521 0.184067 0.000331311 0.34908
7    0.391854 0.0701678 0.0641286 0.473849
8    0.43512 0.0835647 0.0756125 0.405703
9    0.376315 0.160843 0.160843 0.302
10   0.303804 0.236603 0.161804 0.297789
XX
CC  program: cis-bp
CC  matrix.nb: 1
CC  accession: M0132_1.02.txt_1
CC  AC: M0132_1.02.txt_1
CC  id: M0132_1.02.txt_1
CC  name: M0132_1.02.txt_1
CC  version: 
CC  matrix.nb: 1
CC  consensus.strict: ccgcaataaa
CC  consensus.strict.rc: TTTATTGCGG
CC  consensus.IUPAC: smgsrwwwww
CC  consensus.IUPAC.rc: WWWWWYSCKS
CC  consensus.regexp: [cg][ac]g[cg][ag][at][at][at][at][at]
CC  consensus.regexp.rc: [AT][AT][AT][AT][AT][CT][CG]C[GT][CG]
XX
//
AC  M0133_1.02.txt_1
XX
ID  Phf21a
XX
DE  araatatwaatt
P0       A     C     G     T
1    0.319241 0.22692 0.22692 0.22692
2    0.295675 0.203353 0.297619 0.203353
3    0.447891 0.153263 0.153263 0.245584
4    0.759501 0.0801664 0.0801664 0.0801664
5    0.234882 0.000164217 0.000164217 0.76479
6    0.819787 0.000164217 0.000164217 0.179884
7    0.0961328 0.000164217 0.09945 0.804253
8    0.407905 0.000164217 0.000164217 0.591766
9    0.836001 0.11751 0.0232446 0.0232446
10   0.859567 0.046811 0.046811 0.046811
11   0.0969017 0.0969017 0.0969017 0.709295
12   0.169998 0.169998 0.169998 0.490007
XX
CC  program: cis-bp
CC  matrix.nb: 1
CC  accession: M0133_1.02.txt_1
CC  AC: M0133_1.02.txt_1
CC  id: M0133_1.02.txt_1
CC  name: M0133_1.02.txt_1
CC  version: 
CC  matrix.nb: 1
CC  consensus.strict: agaatattaatt
CC  consensus.strict.rc: AATTAATATTCT
CC  consensus.IUPAC: araatatwaatt
CC  consensus.IUPAC.rc: AATTWATATTYT
CC  consensus.regexp: a[ag]aatat[at]aatt
CC  consensus.regexp.rc: AATT[AT]ATATT[CT]T
XX
//
AC  M0174_1.02.txt_1
XX
ID  Tfe3
XX
DE  rrtcacgwgg
P0       A     C     G     T
1    0.280635 0.18439 0.316415 0.218559
2    0.390544 0.0692374 0.481806 0.0584131
3    0.0731912 0.0912018 0.0833522 0.752255
4    0.00616824 0.991693 0.00176723 0.000371359
5    0.893698 0.0427499 0.0123712 0.051181
6    0.00656742 0.707771 0.068178 0.217483
7    0.151077 0.0399563 0.794559 0.0144081
8    0.254645 0.242226 0.115569 0.38756
9    0.0358927 0.0362535 0.863104 0.0647501
10   0.230459 0.225896 0.34726 0.196384
XX
CC  program: cis-bp
CC  matrix.nb: 1
CC  accession: M0174_1.02.txt_1
CC  AC: M0174_1.02.txt_1
CC  id: M0174_1.02.txt_1
CC  name: M0174_1.02.txt_1
CC  version: 
CC  matrix.nb: 1
CC  consensus.strict: ggtcacgtgg
CC  consensus.strict.rc: CCACGTGACC
CC  consensus.IUPAC: rrtcacgwgg
CC  consensus.IUPAC.rc: CCWCGTGAYY
CC  consensus.regexp: [ag][ag]tcacg[at]gg
CC  consensus.regexp.rc: CC[AT]CGTGA[CT][CT]
XX
//
AC  M0175_1.02.txt_1
XX
ID  Mnt
XX
DE  trcacgtgy
P0       A     C     G     T
1    0.237177 0.246857 0.223365 0.292601
2    0.263053 0.221929 0.327785 0.187233
3    0.0596661 0.787422 0.0474067 0.105506
4    0.799512 0.000774144 0.0593827 0.140331
5    0.0185575 0.805027 0.000346759 0.176069
6    0.0485917 0.0940149 0.857013 0.000380394
7    0.0325665 0.226622 0.00329789 0.737513
8    0.0752258 0.00163312 0.788785 0.134356
9    0.183543 0.327814 0.217554 0.271089
XX
CC  program: cis-bp
CC  matrix.nb: 1
CC  accession: M0175_1.02.txt_1
CC  AC: M0175_1.02.txt_1
CC  id: M0175_1.02.txt_1
CC  name: M0175_1.02.txt_1
CC  version: 
CC  matrix.nb: 1
CC  consensus.strict: tgcacgtgc
CC  consensus.strict.rc: GCACGTGCA
CC  consensus.IUPAC: trcacgtgy
CC  consensus.IUPAC.rc: RCACGTGYA
CC  consensus.regexp: t[ag]cacgtg[ct]
CC  consensus.regexp.rc: [AG]CACGTG[CT]A
XX
//
AC  M0176_1.02.txt_1
XX
ID  Tfap4
XX
DE  mcakmtgdt
P0       A     C     G     T
1    0.273464 0.424609 0.181484 0.120442
2    0.097576 0.829341 0.0392767 0.0338058
3    0.662486 0.0560363 0.199537 0.081941
4    0.0432903 0.208081 0.467748 0.28088
5    0.299713 0.470043 0.215471 0.0147733
6    0.0043967 0.0723021 0.015656 0.907645
7    0.000715475 0.00017122 0.997439 0.00167396
8    0.378736 0.0820099 0.275019 0.264235
9    0.118253 0.228795 0.178185 0.474767
XX
CC  program: cis-bp
CC  matrix.nb: 1
CC  accession: M0176_1.02.txt_1
CC  AC: M0176_1.02.txt_1
CC  id: M0176_1.02.txt_1
CC  name: M0176_1.02.txt_1
CC  version: 
CC  matrix.nb: 1
CC  consensus.strict: ccagctgat
CC  consensus.strict.rc: ATCAGCTGG
CC  consensus.IUPAC: mcakmtgdt
CC  consensus.IUPAC.rc: AHCAKMTGK
CC  consensus.regexp: [ac]ca[gt][ac]tg[agt]t
CC  consensus.regexp.rc: A[ACT]CA[GT][AC]TG[GT]
XX
//
AC  M0177_1.02.txt_1
XX
ID  Twist2
XX
DE  rmcatatgtk
P0       A     C     G     T
1    0.301828 0.199871 0.29843 0.199871
2    0.282456 0.579511 0.0690164 0.0690164
3    0.000139305 0.999582 0.000139305 0.000139305
4    0.999582 0.000139305 0.000139305 0.000139305
5    0.000139305 0.217001 0.000139305 0.782721
6    0.789108 0.000139305 0.210614 0.000139305
7    0.000139305 0.000139305 0.000139305 0.999582
8    0.000139305 0.000139305 0.999582 0.000139305
9    0.0502683 0.0502683 0.154736 0.744728
10   0.181123 0.181123 0.272271 0.365483
XX
CC  program: cis-bp
CC  matrix.nb: 1
CC  accession: M0177_1.02.txt_1
CC  AC: M0177_1.02.txt_1
CC  id: M0177_1.02.txt_1
CC  name: M0177_1.02.txt_1
CC  version: 
CC  matrix.nb: 1
CC  consensus.strict: accatatgtt
CC  consensus.strict.rc: AACATATGGT
CC  consensus.IUPAC: rmcatatgtk
CC  consensus.IUPAC.rc: MACATATGKY
CC  consensus.regexp: [ag][ac]catatgt[gt]
CC  consensus.regexp.rc: [AC]ACATATG[GT][CT]
XX
//
AC  M0178_1.02.txt_1
XX
ID  Ascl2
XX
DE  rrcagctgyy
P0       A     C     G     T
1    0.315548 0.181281 0.304969 0.198202
2    0.342567 0.21565 0.329096 0.112687
3    0.0362955 0.956859 2.51998e-11 0.00684525
4    0.887445 0.0260361 0.0520401 0.0344795
5    0.0223128 0.233167 0.582932 0.161589
6    0.161589 0.582932 0.233167 0.0223128
7    0.0344795 0.0520401 0.0260361 0.887445
8    0.00684525 2.51998e-11 0.956859 0.0362955
9    0.112687 0.329096 0.21565 0.342567
10   0.198202 0.304969 0.181281 0.315548
XX
CC  program: cis-bp
CC  matrix.nb: 1
CC  accession: M0178_1.02.txt_1
CC  AC: M0178_1.02.txt_1
CC  id: M0178_1.02.txt_1
CC  name: M0178_1.02.txt_1
CC  version: 
CC  matrix.nb: 1
CC  consensus.strict: aacagctgtt
CC  consensus.strict.rc: AACAGCTGTT
CC  consensus.IUPAC: rrcagctgyy
CC  consensus.IUPAC.rc: RRCAGCTGYY
CC  consensus.regexp: [ag][ag]cagctg[ct][ct]
CC  consensus.regexp.rc: [AG][AG]CAGCTG[CT][CT]
XX
//
AC  M5987_1.02.txt_1
XX
ID  Ascl2
XX
DE  arcagctgyy
P0       A     C     G     T
1    0.673295 0.102273 0.178977 0.0454545
2    0.374269 0.119883 0.502924 0.00292398
3    0.00986842 0.986842     0 0.00328947
4    0.952381     0     0 0.047619
5    0.0201149 0.066092 0.862069 0.0517241
6    0.00980392 0.980392 0.00653595 0.00326797
7    0.0131579     0     0 0.986842
8        0 0.00330033 0.990099 0.00660066
9    0.0186916 0.641745 0.046729 0.292835
10   0.0939227 0.279006 0.0773481 0.549724
XX
CC  program: cis-bp
CC  matrix.nb: 1
CC  accession: M5987_1.02.txt_1
CC  AC: M5987_1.02.txt_1
CC  id: M5987_1.02.txt_1
CC  name: M5987_1.02.txt_1
CC  version: 
CC  matrix.nb: 1
CC  consensus.strict: agcagctgct
CC  consensus.strict.rc: AGCAGCTGCT
CC  consensus.IUPAC: arcagctgyy
CC  consensus.IUPAC.rc: RRCAGCTGYT
CC  consensus.regexp: a[ag]cagctg[ct][ct]
CC  consensus.regexp.rc: [AG][AG]CAGCTG[CT]T
XX
//
AC  M2299_1.02.txt_1
XX
ID  Myod1
XX
DE  rrgrrcagstgsw
P0       A     C     G     T
1    0.338786 0.180428 0.312352 0.168434
2    0.271681 0.176185 0.474096 0.078037
3    0.208738 0.242514 0.30966 0.239088
4    0.431712 0.118504 0.449131 0.000652688
5    0.602268 0.0266786 0.370686 0.000367137
6        0     1     0     0
7        1     0     0     0
8        0     0     1     0
9    0.000775067 0.737211 0.262014     0
10   0.00656768     0     0 0.993432
11       0     0     1     0
12   0.116627 0.448723 0.265685 0.168965
13   0.287999 0.204087 0.227992 0.279922
XX
CC  program: cis-bp
CC  matrix.nb: 1
CC  accession: M2299_1.02.txt_1
CC  AC: M2299_1.02.txt_1
CC  id: M2299_1.02.txt_1
CC  name: M2299_1.02.txt_1
CC  version: 
CC  matrix.nb: 1
CC  consensus.strict: agggacagctgca
CC  consensus.strict.rc: TGCAGCTGTCCCT
CC  consensus.IUPAC: rrgrrcagstgsw
CC  consensus.IUPAC.rc: WSCASCTGYYCYY
CC  consensus.regexp: [ag][ag]g[ag][ag]cag[cg]tg[cg][at]
CC  consensus.regexp.rc: [AT][CG]CA[CG]CTG[CT][CT]C[CT][CT]
XX
//
AC  M0179_1.02.txt_1
XX
ID  Arnt
XX
DE  artcacgtgmwt
P0       A     C     G     T
1    0.306611 0.23113 0.23113 0.23113
2    0.341743 0.181842 0.294572 0.181842
3    0.0790558 0.0790558 0.208948 0.63294
4    0.0953021 0.793287 0.0198202 0.0915908
5    0.999459 0.00018045 0.00018045 0.00018045
6    0.154221 0.773647 0.00018045 0.0719511
7    0.00018045 0.00018045 0.852206 0.147433
8    0.00018045 0.00018045 0.00018045 0.999459
9    0.0976098 0.0190509 0.864288 0.0190509
10   0.265173 0.598151 0.068338 0.068338
11   0.316182 0.171125 0.171125 0.341568
12   0.23036 0.23036 0.23036 0.308919
XX
CC  program: cis-bp
CC  matrix.nb: 1
CC  accession: M0179_1.02.txt_1
CC  AC: M0179_1.02.txt_1
CC  id: M0179_1.02.txt_1
CC  name: M0179_1.02.txt_1
CC  version: 
CC  matrix.nb: 1
CC  consensus.strict: aatcacgtgctt
CC  consensus.strict.rc: AAGCACGTGATT
CC  consensus.IUPAC: artcacgtgmwt
CC  consensus.IUPAC.rc: AWKCACGTGAYT
CC  consensus.regexp: a[ag]tcacgtg[ac][at]t
CC  consensus.regexp.rc: A[AT][GT]CACGTGA[CT]T
XX
//
AC  M1839_1.02.txt_1
XX
ID  Arnt
XX
DE  cacgtg
P0       A     C     G     T
1      0.2   0.8     0     0
2     0.95     0  0.05     0
3        0     1     0     0
4        0     0     1     0
5        0     0     0     1
6        0     0     1     0
XX
CC  program: cis-bp
CC  matrix.nb: 1
CC  accession: M1839_1.02.txt_1
CC  AC: M1839_1.02.txt_1
CC  id: M1839_1.02.txt_1
CC  name: M1839_1.02.txt_1
CC  version: 
CC  matrix.nb: 1
CC  consensus.strict: cacgtg
CC  consensus.strict.rc: CACGTG
CC  consensus.IUPAC: cacgtg
CC  consensus.IUPAC.rc: CACGTG
CC  consensus.regexp: cacgtg
CC  consensus.regexp.rc: CACGTG
XX
//
AC  M0180_1.02.txt_1
XX
ID  Arnt2
XX
DE  atkcayrtgm
P0       A     C     G     T
1    0.441686 0.235875 0.16122 0.16122
2    0.191879 0.187982 0.225189 0.39495
3    0.000211099 0.000211099 0.265877 0.733701
4    0.141244 0.708098 0.000211099 0.150448
5    0.929873 0.000211099 0.0697052 0.000211099
6    0.000211099 0.496749 0.000211099 0.502828
7    0.362577 0.000211099 0.566244 0.0709686
8    0.000211099 0.000211099 0.0709686 0.928609
9    0.157008 0.0889914 0.665009 0.0889914
10   0.330549 0.403477 0.132987 0.132987
XX
CC  program: cis-bp
CC  matrix.nb: 1
CC  accession: M0180_1.02.txt_1
CC  AC: M0180_1.02.txt_1
CC  id: M0180_1.02.txt_1
CC  name: M0180_1.02.txt_1
CC  version: 
CC  matrix.nb: 1
CC  consensus.strict: attcatgtgc
CC  consensus.strict.rc: GCACATGAAT
CC  consensus.IUPAC: atkcayrtgm
CC  consensus.IUPAC.rc: KCAYRTGMAT
CC  consensus.regexp: at[gt]ca[ct][ag]tg[ac]
CC  consensus.regexp.rc: [GT]CA[CT][AG]TG[AC]AT
XX
//
AC  M0181_1.02.txt_1
XX
ID  Mlx
XX
DE  krkcacgtg
P0       A     C     G     T
1    0.21319 0.185339 0.327729 0.273742
2    0.340712 0.160941 0.265347 0.233
3    0.209405 0.19721 0.258338 0.335047
4    1.14464e-06 0.999579 7.11713e-05 0.000349006
5    0.88894 1.66591e-07 0.111055     0
6    2.68718e-05 0.798969 6.02699e-08 0.201004
7    7.92515e-08 0.0764866 0.922526 0.000987198
8    0.09799 0.0127415 0.112715 0.776553
9    0.0522219 0.0538123 0.769317 0.124649
XX
CC  program: cis-bp
CC  matrix.nb: 1
CC  accession: M0181_1.02.txt_1
CC  AC: M0181_1.02.txt_1
CC  id: M0181_1.02.txt_1
CC  name: M0181_1.02.txt_1
CC  version: 
CC  matrix.nb: 1
CC  consensus.strict: gatcacgtg
CC  consensus.strict.rc: CACGTGATC
CC  consensus.IUPAC: krkcacgtg
CC  consensus.IUPAC.rc: CACGTGMYM
CC  consensus.regexp: [gt][ag][gt]cacgtg
CC  consensus.regexp.rc: CACGTG[AC][CT][AC]
XX
//
AC  M0182_1.02.txt_1
XX
ID  Mlx
XX
DE  scacgtgmym
P0       A     C     G     T
1    0.21349 0.31532 0.291077 0.180114
2    0.120917 0.709888 0.0740772 0.095117
3    0.532339 0.0925067 0.24648 0.128674
4    0.0185936 0.873768 0.0291605 0.0784777
5    0.214454 0.0508101 0.733697 0.00103883
6    0.0184679 3.45978e-05 0.0507056 0.930792
7    5.66439e-05 6.98803e-05 0.971682 0.0281917
8    0.357783 0.270406 0.190552 0.181259
9    0.215087 0.284589 0.156186 0.344139
10   0.25328 0.348799 0.182089 0.215831
XX
CC  program: cis-bp
CC  matrix.nb: 1
CC  accession: M0182_1.02.txt_1
CC  AC: M0182_1.02.txt_1
CC  id: M0182_1.02.txt_1
CC  name: M0182_1.02.txt_1
CC  version: 
CC  matrix.nb: 1
CC  consensus.strict: ccacgtgatc
CC  consensus.strict.rc: GATCACGTGG
CC  consensus.IUPAC: scacgtgmym
CC  consensus.IUPAC.rc: KRKCACGTGS
CC  consensus.regexp: [cg]cacgtg[ac][ct][ac]
CC  consensus.regexp.rc: [GT][AG][GT]CACGTG[CG]
XX
//
AC  M6053_1.02.txt_1
XX
ID  Mlx
XX
DE  rtcacgtgay
P0       A     C     G     T
1    0.592451 0.0142233 0.312435 0.0808899
2    0.068206 0.0652753 0.117673 0.748845
3    8.58959e-05 0.999656 0.000257688     0
4    0.998711 0.00128878     0     0
5        0     1     0     0
6        0     0     1     0
7        0 0.000421112     0 0.999579
8        0 0.000337572 0.999662     0
9    0.6846 0.167738 0.0766047 0.0710575
10   0.121745 0.300678 0.0259408 0.551636
XX
CC  program: cis-bp
CC  matrix.nb: 1
CC  accession: M6053_1.02.txt_1
CC  AC: M6053_1.02.txt_1
CC  id: M6053_1.02.txt_1
CC  name: M6053_1.02.txt_1
CC  version: 
CC  matrix.nb: 1
CC  consensus.strict: atcacgtgat
CC  consensus.strict.rc: ATCACGTGAT
CC  consensus.IUPAC: rtcacgtgay
CC  consensus.IUPAC.rc: RTCACGTGAY
CC  consensus.regexp: [ag]tcacgtga[ct]
CC  consensus.regexp.rc: [AG]TCACGTGA[CT]
XX
//
AC  M0183_1.02.txt_1
XX
ID  Hey2
XX
DE  gacacgtgy
P0       A     C     G     T
1    0.127939 0.141394 0.584966 0.145701
2    0.373417 0.217608 0.219795 0.189179
3    0.050354 0.853272 0.050354 0.0460201
4    0.802681 0.0116809 0.15885 0.0267881
5    0.0138442 0.914033 0.014848 0.0572751
6    0.0543998 0.0292641 0.903576 0.0127606
7    0.0170378 0.146267 0.0116515 0.825043
8    0.0103239 0.00204309 0.967255 0.0203781
9    0.0938951 0.52436 0.108005 0.27374
XX
CC  program: cis-bp
CC  matrix.nb: 1
CC  accession: M0183_1.02.txt_1
CC  AC: M0183_1.02.txt_1
CC  id: M0183_1.02.txt_1
CC  name: M0183_1.02.txt_1
CC  version: 
CC  matrix.nb: 1
CC  consensus.strict: gacacgtgc
CC  consensus.strict.rc: GCACGTGTC
CC  consensus.IUPAC: gacacgtgy
CC  consensus.IUPAC.rc: RCACGTGTC
CC  consensus.regexp: gacacgtg[ct]
CC  consensus.regexp.rc: [AG]CACGTGTC
XX
//
AC  M0184_1.02.txt_1
XX
ID  Tcf3
XX
DE  hvcaggtgy
P0       A     C     G     T
1    0.267667 0.262367 0.202299 0.267667
2    0.266552 0.251029 0.393692 0.0887274
3    0.0121724 0.981588 0.00362978 0.00260953
4    0.9702 0.00660286 0.00774853 0.0154484
5    0.00509645 0.134094 0.852816 0.00799282
6    0.0932009 0.112703 0.784273 0.0098233
7    0.00177703 0.0398428 0.000290818 0.958089
8    0.00508982 0.000808352 0.989542 0.00455963
9    0.0629823 0.344762 0.233424 0.358832
XX
CC  program: cis-bp
CC  matrix.nb: 1
CC  accession: M0184_1.02.txt_1
CC  AC: M0184_1.02.txt_1
CC  id: M0184_1.02.txt_1
CC  name: M0184_1.02.txt_1
CC  version: 
CC  matrix.nb: 1
CC  consensus.strict: agcaggtgt
CC  consensus.strict.rc: ACACCTGCT
CC  consensus.IUPAC: hvcaggtgy
CC  consensus.IUPAC.rc: RCACCTGBD
CC  consensus.regexp: [act][acg]caggtg[ct]
CC  consensus.regexp.rc: [AG]CACCTG[CGT][AGT]
XX
//
AC  M0185_1.02.txt_1
XX
ID  Tcf3
XX
DE  kmrcacctgs
P0       A     C     G     T
1    0.237628 0.215015 0.287351 0.260006
2    0.312993 0.258833 0.209806 0.218368
3    0.353091 0.239063 0.316311 0.0915354
4    0.0291975 0.892551 0.0112919 0.0669592
5    0.915203 0.00910793 0.0268199 0.0488691
6    0.000335082 0.683085 0.14644 0.17014
7    0.0171489 0.707639 0.211016 0.0641956
8    0.0366546 0.0334997 0.0306165 0.899229
9    0.00638401 0.00853177 0.91947 0.0656145
10   0.111589 0.338602 0.30638 0.243429
XX
CC  program: cis-bp
CC  matrix.nb: 1
CC  accession: M0185_1.02.txt_1
CC  AC: M0185_1.02.txt_1
CC  id: M0185_1.02.txt_1
CC  name: M0185_1.02.txt_1
CC  version: 
CC  matrix.nb: 1
CC  consensus.strict: gaacacctgc
CC  consensus.strict.rc: GCAGGTGTTC
CC  consensus.IUPAC: kmrcacctgs
CC  consensus.IUPAC.rc: SCAGGTGYKM
CC  consensus.regexp: [gt][ac][ag]cacctg[cg]
CC  consensus.regexp.rc: [CG]CAGGTG[CT][GT][AC]
XX
//
AC  M0186_1.02.txt_1
XX
ID  Tcf3
XX
DE  vcaggtgb
P0       A     C     G     T
1    0.258484 0.297327 0.32209 0.122099
2    0.0213367 0.973045 0.00300546 0.00261282
3    0.939038 0.0316537 0.0175465 0.0117618
4    0.00688338 0.186627 0.803606 0.0028838
5    0.203145 0.138923 0.654532 0.00340049
6    0.0042431 0.00692607 0.00121567 0.987615
7    0.00330192 0.000974827 0.986837 0.00888625
8    0.117426 0.319197 0.253613 0.309764
XX
CC  program: cis-bp
CC  matrix.nb: 1
CC  accession: M0186_1.02.txt_1
CC  AC: M0186_1.02.txt_1
CC  id: M0186_1.02.txt_1
CC  name: M0186_1.02.txt_1
CC  version: 
CC  matrix.nb: 1
CC  consensus.strict: gcaggtgc
CC  consensus.strict.rc: GCACCTGC
CC  consensus.IUPAC: vcaggtgb
CC  consensus.IUPAC.rc: VCACCTGB
CC  consensus.regexp: [acg]caggtg[cgt]
CC  consensus.regexp.rc: [ACG]CACCTG[CGT]
XX
//
AC  M2318_1.02.txt_1
XX
ID  Tcf3
XX
DE  smcagctgcwg
P0       A     C     G     T
1    0.157407 0.491802 0.271653 0.0791379
2    0.469266 0.37269 0.101732 0.0563119
3        0     1     0     0
4        1     0     0     0
5        0 0.237588 0.718556 0.0438561
6        0 0.976189 0.0238109     0
7        0     0     0     1
8        0     0     1     0
9        0 0.725856 0.196802 0.077342
10   0.403047 0.243555 0.00556167 0.347836
11   0.136203 0.238399 0.383813 0.241585
XX
CC  program: cis-bp
CC  matrix.nb: 1
CC  accession: M2318_1.02.txt_1
CC  AC: M2318_1.02.txt_1
CC  id: M2318_1.02.txt_1
CC  name: M2318_1.02.txt_1
CC  version: 
CC  matrix.nb: 1
CC  consensus.strict: cacagctgcag
CC  consensus.strict.rc: CTGCAGCTGTG
CC  consensus.IUPAC: smcagctgcwg
CC  consensus.IUPAC.rc: CWGCAGCTGKS
CC  consensus.regexp: [cg][ac]cagctgc[at]g
CC  consensus.regexp.rc: C[AT]GCAGCTG[GT][CG]
XX
//
AC  M0187_1.02.txt_1
XX
ID  Srebf1
XX
DE  rtsrsgtgay
P0       A     C     G     T
1    0.393016 0.151995 0.362799 0.0921898
2    0.117172 0.11835 0.0696614 0.694816
3    0.128123 0.47962 0.327993 0.0642636
4    0.397372 0.00270438 0.46632 0.133603
5    0.00028771 0.485023 0.315512 0.199177
6    0.212693 0.139749 0.57816 0.0693975
7    0.0990095 0.160007 0.00204463 0.738939
8    0.0554499 0.025674 0.841747 0.077129
9    0.578926 0.0730522 0.141341 0.206681
10   0.101129 0.261489 0.146407 0.490975
XX
CC  program: cis-bp
CC  matrix.nb: 1
CC  accession: M0187_1.02.txt_1
CC  AC: M0187_1.02.txt_1
CC  id: M0187_1.02.txt_1
CC  name: M0187_1.02.txt_1
CC  version: 
CC  matrix.nb: 1
CC  consensus.strict: atcgcgtgat
CC  consensus.strict.rc: ATCACGCGAT
CC  consensus.IUPAC: rtsrsgtgay
CC  consensus.IUPAC.rc: RTCACSYSAY
CC  consensus.regexp: [ag]t[cg][ag][cg]gtga[ct]
CC  consensus.regexp.rc: [AG]TCAC[CG][CT][CG]A[CT]
XX
//
AC  M0188_1.02.txt_1
XX
ID  Srebf1
XX
DE  rtcacsyga
P0       A     C     G     T
1    0.571172 0.110796 0.316616 0.00141579
2    0.160197 0.136511 0.0601238 0.643168
3    0.0853044 0.81748 0.0971471     0
4    0.71164 2.13382e-07 0.190104 0.0982556
5    0.0271706 0.615315 0.144335 0.21318
6    0.15834 0.306355 0.466261 0.0690441
7    0.139616 0.440934 2.12562e-05 0.419429
8    0.0701631 0.219384 0.539597 0.170856
9    0.556484 0.0947877 0.157849 0.190879
XX
CC  program: cis-bp
CC  matrix.nb: 1
CC  accession: M0188_1.02.txt_1
CC  AC: M0188_1.02.txt_1
CC  id: M0188_1.02.txt_1
CC  name: M0188_1.02.txt_1
CC  version: 
CC  matrix.nb: 1
CC  consensus.strict: atcacgcga
CC  consensus.strict.rc: TCGCGTGAT
CC  consensus.IUPAC: rtcacsyga
CC  consensus.IUPAC.rc: TCRSGTGAY
CC  consensus.regexp: [ag]tcac[cg][ct]ga
CC  consensus.regexp.rc: TC[AG][CG]GTGA[CT]
XX
//
AC  M6097_1.02.txt_1
XX
ID  Srebf1
XX
DE  rtcacgtgay
P0       A     C     G     T
1    0.467295 0.0332594 0.488914 0.0105322
2    0.044638 0.00435493 0.011976 0.939031
3        0 0.995384 0.00403924 0.000577034
4    0.945205 0.00273973 0.0432877 0.00876712
5        0 0.87697 0.117946 0.00508388
6    0.0105673 0.0300334 0.959399     0
7    0.00567537 0.0153235     0 0.979001
8        0     0 0.996534 0.0034662
9    0.865529 0.00702459 0.0260913 0.101355
10   0.00853333 0.2864 0.0714667 0.6336
XX
CC  program: cis-bp
CC  matrix.nb: 1
CC  accession: M6097_1.02.txt_1
CC  AC: M6097_1.02.txt_1
CC  id: M6097_1.02.txt_1
CC  name: M6097_1.02.txt_1
CC  version: 
CC  matrix.nb: 1
CC  consensus.strict: gtcacgtgat
CC  consensus.strict.rc: ATCACGTGAC
CC  consensus.IUPAC: rtcacgtgay
CC  consensus.IUPAC.rc: RTCACGTGAY
CC  consensus.regexp: [ag]tcacgtga[ct]
CC  consensus.regexp.rc: [AG]TCACGTGA[CT]
XX
//
AC  M0189_1.02.txt_1
XX
ID  Id2
XX
DE  rcacgtgr
P0       A     C     G     T
1    0.277716 0.166851 0.499446 0.0559867
2    0.000369822 0.998891 0.000369822 0.000369822
3    0.999001 0.000332889 0.000332889 0.000332889
4    0.000332889 0.999001 0.000332889 0.000332889
5    0.000332889 0.000332889 0.999001 0.000332889
6    0.000332889 0.000332889 0.000332889 0.999001
7    0.000344353 0.000344353 0.998967 0.000344353
8    0.499546 0.0458258 0.272686 0.181942
XX
CC  program: cis-bp
CC  matrix.nb: 1
CC  accession: M0189_1.02.txt_1
CC  AC: M0189_1.02.txt_1
CC  id: M0189_1.02.txt_1
CC  name: M0189_1.02.txt_1
CC  version: 
CC  matrix.nb: 1
CC  consensus.strict: gcacgtga
CC  consensus.strict.rc: TCACGTGC
CC  consensus.IUPAC: rcacgtgr
CC  consensus.IUPAC.rc: YCACGTGY
CC  consensus.regexp: [ag]cacgtg[ag]
CC  consensus.regexp.rc: [CT]CACGTG[CT]
XX
//
AC  M1964_1.02.txt_1
XX
ID  Myc
XX
DE  ccaygtgsty
P0       A     C     G     T
1    0.221368 0.684161 0.0944705     0
2        0     1     0     0
3        1     0     0     0
4        0 0.430178     0 0.569822
5        0     0     1     0
6        0     0     0     1
7        0     0     1     0
8    0.00918463 0.430553 0.390066 0.170197
9    0.15895 0.203749 0.104217 0.533083
10   0.0153702 0.351828 0.150141 0.482662
XX
CC  program: cis-bp
CC  matrix.nb: 1
CC  accession: M1964_1.02.txt_1
CC  AC: M1964_1.02.txt_1
CC  id: M1964_1.02.txt_1
CC  name: M1964_1.02.txt_1
CC  version: 
CC  matrix.nb: 1
CC  consensus.strict: ccatgtgctt
CC  consensus.strict.rc: AAGCACATGG
CC  consensus.IUPAC: ccaygtgsty
CC  consensus.IUPAC.rc: RASCACRTGG
CC  consensus.regexp: cca[ct]gtg[cg]t[ct]
CC  consensus.regexp.rc: [AG]A[CG]CAC[AG]TGG
XX
//
AC  M0190_1.02.txt_1
XX
ID  Srebf2
XX
DE  tsrcgtga
P0       A     C     G     T
1    0.077454 0.000766871 0.000766871 0.921012
2    0.000586854 0.704812 0.294014 0.000586854
3    0.411385 0.000586854 0.587441 0.000586854
4    0.000586854 0.822183 0.117958 0.0592723
5    0.000586854 0.000586854 0.998239 0.000586854
6    0.000586854 0.0592723 0.000586854 0.939554
7    0.000586854 0.000586854 0.998239 0.000586854
8    0.844325 0.000766871 0.077454 0.077454
XX
CC  program: cis-bp
CC  matrix.nb: 1
CC  accession: M0190_1.02.txt_1
CC  AC: M0190_1.02.txt_1
CC  id: M0190_1.02.txt_1
CC  name: M0190_1.02.txt_1
CC  version: 
CC  matrix.nb: 1
CC  consensus.strict: tcgcgtga
CC  consensus.strict.rc: TCACGCGA
CC  consensus.IUPAC: tsrcgtga
CC  consensus.IUPAC.rc: TCACGYSA
CC  consensus.regexp: t[cg][ag]cgtga
CC  consensus.regexp.rc: TCACG[CT][CG]A
XX
//
AC  M0191_1.02.txt_1
XX
ID  Hes1
XX
DE  sscacgygyc
P0       A     C     G     T
1    0.187192 0.257787 0.376958 0.178062
2    0.208846 0.299345 0.396073 0.0957363
3    0.0401927 0.874529 0.0142063 0.0710715
4    0.742947 0.0334692 0.141263 0.0823209
5    0.0292232 0.832942 0.0559783 0.0818562
6    0.16483 0.0406466 0.768864 0.0256595
7    0.11579 0.469552 0.0668051 0.347853
8    0.0582071 0.112619 0.661167 0.168007
9    0.225947 0.301962 0.151457 0.320634
10   0.21714 0.383962 0.198451 0.200446
XX
CC  program: cis-bp
CC  matrix.nb: 1
CC  accession: M0191_1.02.txt_1
CC  AC: M0191_1.02.txt_1
CC  id: M0191_1.02.txt_1
CC  name: M0191_1.02.txt_1
CC  version: 
CC  matrix.nb: 1
CC  consensus.strict: ggcacgcgtc
CC  consensus.strict.rc: GACGCGTGCC
CC  consensus.IUPAC: sscacgygyc
CC  consensus.IUPAC.rc: GRCRCGTGSS
CC  consensus.regexp: [cg][cg]cacg[ct]g[ct]c
CC  consensus.regexp.rc: G[AG]C[AG]CGTG[CG][CG]
XX
//
AC  M0192_1.02.txt_1
XX
ID  Hes7
XX
DE  grcgcgtgcc
P0       A     C     G     T
1    0.227282 0.175246 0.397896 0.199575
2    0.347982 0.154803 0.337698 0.159517
3    0.144508 0.798981 0.0335601 0.0229504
4    0.234584 0.082915 0.522077 0.160423
5    0.0280703 0.824446 0.0253991 0.122084
6    0.0316068 0.0170027 0.94707 0.00432051
7    0.0454866 0.0464055 0.0214864 0.886622
8    0.0108207 0.0049109 0.964354 0.0199147
9    0.0957513 0.416445 0.242682 0.245121
10   0.159861 0.443326 0.207329 0.189484
XX
CC  program: cis-bp
CC  matrix.nb: 1
CC  accession: M0192_1.02.txt_1
CC  AC: M0192_1.02.txt_1
CC  id: M0192_1.02.txt_1
CC  name: M0192_1.02.txt_1
CC  version: 
CC  matrix.nb: 1
CC  consensus.strict: gacgcgtgcc
CC  consensus.strict.rc: GGCACGCGTC
CC  consensus.IUPAC: grcgcgtgcc
CC  consensus.IUPAC.rc: GGCACGCGYC
CC  consensus.regexp: g[ag]cgcgtgcc
CC  consensus.regexp.rc: GGCACGCG[CT]C
XX
//
AC  M0193_1.02.txt_1
XX
ID  Tfeb
XX
DE  rtcacgtg
P0       A     C     G     T
1    0.279394 0.0736332 0.632128 0.0148442
2    0.0271073 0.0451189 0.0721362 0.855638
3    7.46046e-05 0.999776 7.46046e-05     0
4    0.850567 0.0373769 0.0299164 0.0821397
5    7.46046e-05 0.828186 0.0448374 0.126902
6    0.104521 0.022456 0.872948     0
7    0.173579 0.140532 0.0579147 0.627974
8    9.25583e-05 9.25583e-05 0.990466 0.00934839
XX
CC  program: cis-bp
CC  matrix.nb: 1
CC  accession: M0193_1.02.txt_1
CC  AC: M0193_1.02.txt_1
CC  id: M0193_1.02.txt_1
CC  name: M0193_1.02.txt_1
CC  version: 
CC  matrix.nb: 1
CC  consensus.strict: gtcacgtg
CC  consensus.strict.rc: CACGTGAC
CC  consensus.IUPAC: rtcacgtg
CC  consensus.IUPAC.rc: CACGTGAY
CC  consensus.regexp: [ag]tcacgtg
CC  consensus.regexp.rc: CACGTGA[CT]
XX
//
AC  M0194_1.02.txt_1
XX
ID  Bhlhe22
XX
DE  rccatatgyt
P0       A     C     G     T
1    0.361199 0.183013 0.272775 0.183013
2    0.138914 0.651658 0.134874 0.0745553
3    4.60189e-05 0.999862 4.60189e-05     0
4    0.999862 4.60189e-05 4.60189e-05     0
5    4.60189e-05 4.60189e-05 4.60189e-05 0.999862
6    0.999862 4.60189e-05 4.60189e-05     0
7    4.60189e-05 4.60189e-05 4.60189e-05 0.999862
8    4.60189e-05 4.60189e-05 0.999862     0
9    0.0670327 0.298563 0.220536 0.413869
10   0.175491 0.236272 0.175491 0.412746
XX
CC  program: cis-bp
